TITLE = "FUNC"
VARIABLES = "X", "F"
ZONE I=201, F=POINT
 0.0000000000000e+00  2.0000000000000e+00
 1.0000000000000e-03  1.9982841467154e+00
 2.0000000000000e-03  1.9965682934307e+00
 3.0000000000000e-03  1.9948524401461e+00
 4.0000000000000e-03  1.9931365868615e+00
 5.0000000000000e-03  1.9914207335768e+00
 6.0000000000000e-03  1.9897048802922e+00
 7.0000000000000e-03  1.9879890270076e+00
 8.0000000000000e-03  1.9862731737229e+00
 9.0000000000000e-03  1.9845573204383e+00
 1.0000000000000e-02  1.9828414671537e+00
 1.1000000000000e-02  1.9811256138691e+00
 1.2000000000000e-02  1.9794097605845e+00
 1.3000000000000e-02  1.9776939072999e+00
 1.4000000000000e-02  1.9759780540153e+00
 1.5000000000000e-02  1.9742622007307e+00
 1.6000000000000e-02  1.9725463474462e+00
 1.7000000000000e-02  1.9708304941616e+00
 1.8000000000000e-02  1.9691146408771e+00
 1.9000000000000e-02  1.9673987875925e+00
 2.0000000000000e-02  1.9656829343080e+00
 2.1000000000000e-02  1.9639670810235e+00
 2.2000000000000e-02  1.9622512277390e+00
 2.3000000000000e-02  1.9605353744545e+00
 2.4000000000000e-02  1.9588195211700e+00
 2.5000000000000e-02  1.9571036678855e+00
 2.6000000000000e-02  1.9553878146011e+00
 2.7000000000000e-02  1.9536719613167e+00
 2.8000000000000e-02  1.9519561080322e+00
 2.9000000000000e-02  1.9502402547478e+00
 3.0000000000000e-02  1.9485244014634e+00
 3.1000000000000e-02  1.9468085481791e+00
 3.2000000000000e-02  1.9450926948947e+00
 3.3000000000000e-02  1.9433768416104e+00
 3.4000000000000e-02  1.9416609883261e+00
 3.5000000000000e-02  1.9399451350418e+00
 3.6000000000000e-02  1.9382292817575e+00
 3.7000000000000e-02  1.9365134284733e+00
 3.8000000000000e-02  1.9347975751890e+00
 3.9000000000000e-02  1.9330817219048e+00
 4.0000000000000e-02  1.9313658686206e+00
 4.1000000000000e-02  1.9296500153365e+00
 4.2000000000000e-02  1.9279341620523e+00
 4.3000000000000e-02  1.9262183087682e+00
 4.4000000000000e-02  1.9245024554841e+00
 4.5000000000000e-02  1.9227866022000e+00
 4.6000000000000e-02  1.9210707489160e+00
 4.7000000000000e-02  1.9193548956320e+00
 4.8000000000000e-02  1.9176390423480e+00
 4.9000000000000e-02  1.9159231890640e+00
 5.0000000000000e-02  1.9142073357801e+00
 5.1000000000000e-02  1.9124914824962e+00
 5.2000000000000e-02  1.9107756292123e+00
 5.3000000000000e-02  1.9090597759284e+00
 5.4000000000000e-02  1.9073439226446e+00
 5.5000000000000e-02  1.9056280693608e+00
 5.6000000000000e-02  1.9039122160771e+00
 5.7000000000000e-02  1.9021963627934e+00
 5.8000000000000e-02  1.9004805095097e+00
 5.9000000000000e-02  1.8987646562260e+00
 6.0000000000000e-02  1.8970488029424e+00
 6.1000000000000e-02  1.8953329496588e+00
 6.2000000000000e-02  1.8936170963752e+00
 6.3000000000000e-02  1.8919012430917e+00
 6.4000000000000e-02  1.8901853898082e+00
 6.5000000000000e-02  1.8884695365248e+00
 6.6000000000000e-02  1.8867536832414e+00
 6.7000000000000e-02  1.8850378299580e+00
 6.8000000000000e-02  1.8833219766746e+00
 6.9000000000000e-02  1.8816061233913e+00
 7.0000000000000e-02  1.8798902701081e+00
 7.1000000000000e-02  1.8781744168249e+00
 7.2000000000000e-02  1.8764585635417e+00
 7.3000000000000e-02  1.8747427102585e+00
 7.4000000000000e-02  1.8730268569754e+00
 7.5000000000000e-02  1.8713110036924e+00
 7.6000000000000e-02  1.8695951504093e+00
 7.7000000000000e-02  1.8678792971264e+00
 7.8000000000000e-02  1.8661634438434e+00
 7.9000000000000e-02  1.8644475905605e+00
 8.0000000000000e-02  1.8627317372777e+00
 8.1000000000000e-02  1.8610158839949e+00
 8.2000000000000e-02  1.8593000307121e+00
 8.3000000000000e-02  1.8575841774294e+00
 8.4000000000000e-02  1.8558683241467e+00
 8.5000000000000e-02  1.8541524708641e+00
 8.6000000000000e-02  1.8524366175815e+00
 8.7000000000000e-02  1.8507207642990e+00
 8.8000000000000e-02  1.8490049110165e+00
 8.9000000000000e-02  1.8472890577341e+00
 9.0000000000000e-02  1.8455732044517e+00
 9.1000000000000e-02  1.8438573511694e+00
 9.2000000000000e-02  1.8421414978871e+00
 9.3000000000000e-02  1.8404256446048e+00
 9.4000000000000e-02  1.8387097913227e+00
 9.5000000000000e-02  1.8369939380405e+00
 9.6000000000000e-02  1.8352780847584e+00
 9.7000000000000e-02  1.8335622314764e+00
 9.8000000000000e-02  1.8318463781944e+00
 9.9000000000000e-02  1.8301305249125e+00
 1.0000000000000e-01  1.8284146716306e+00
 1.0100000000000e-01  1.8266988183488e+00
 1.0200000000000e-01  1.8249829650671e+00
 1.0300000000000e-01  1.8232671117853e+00
 1.0400000000000e-01  1.8215512585037e+00
 1.0500000000000e-01  1.8198354052221e+00
 1.0600000000000e-01  1.8181195519405e+00
 1.0700000000000e-01  1.8164036986591e+00
 1.0800000000000e-01  1.8146878453776e+00
 1.0900000000000e-01  1.8129719920963e+00
 1.1000000000000e-01  1.8112561388150e+00
 1.1100000000000e-01  1.8095402855337e+00
 1.1200000000000e-01  1.8078244322525e+00
 1.1300000000000e-01  1.8061085789714e+00
 1.1400000000000e-01  1.8043927256903e+00
 1.1500000000000e-01  1.8026768724093e+00
 1.1600000000000e-01  1.8009610191283e+00
 1.1700000000000e-01  1.7992451658474e+00
 1.1800000000000e-01  1.7975293125666e+00
 1.1900000000000e-01  1.7958134592858e+00
 1.2000000000000e-01  1.7940976060051e+00
 1.2100000000000e-01  1.7923817527245e+00
 1.2200000000000e-01  1.7906658994439e+00
 1.2300000000000e-01  1.7889500461633e+00
 1.2400000000000e-01  1.7872341928829e+00
 1.2500000000000e-01  1.7855183396025e+00
 1.2600000000000e-01  1.7838024863222e+00
 1.2700000000000e-01  1.7820866330419e+00
 1.2800000000000e-01  1.7803707797617e+00
 1.2900000000000e-01  1.7786549264816e+00
 1.3000000000000e-01  1.7769390732015e+00
 1.3100000000000e-01  1.7752232199215e+00
 1.3200000000000e-01  1.7735073666416e+00
 1.3300000000000e-01  1.7717915133617e+00
 1.3400000000000e-01  1.7700756600819e+00
 1.3500000000000e-01  1.7683598068022e+00
 1.3600000000000e-01  1.7666439535225e+00
 1.3700000000000e-01  1.7649281002429e+00
 1.3800000000000e-01  1.7632122469634e+00
 1.3900000000000e-01  1.7614963936839e+00
 1.4000000000000e-01  1.7597805404046e+00
 1.4100000000000e-01  1.7580646871252e+00
 1.4200000000000e-01  1.7563488338460e+00
 1.4300000000000e-01  1.7546329805668e+00
 1.4400000000000e-01  1.7529171272877e+00
 1.4500000000000e-01  1.7512012740087e+00
 1.4600000000000e-01  1.7494854207297e+00
 1.4700000000000e-01  1.7477695674508e+00
 1.4800000000000e-01  1.7460537141720e+00
 1.4900000000000e-01  1.7443378608933e+00
 1.5000000000000e-01  1.7426220076146e+00
 1.5100000000000e-01  1.7409061543360e+00
 1.5200000000000e-01  1.7391903010575e+00
 1.5300000000000e-01  1.7374744477791e+00
 1.5400000000000e-01  1.7357585945007e+00
 1.5500000000000e-01  1.7340427412224e+00
 1.5600000000000e-01  1.7323268879442e+00
 1.5700000000000e-01  1.7306110346660e+00
 1.5800000000000e-01  1.7288951813880e+00
 1.5900000000000e-01  1.7271793281100e+00
 1.6000000000000e-01  1.7254634748320e+00
 1.6100000000000e-01  1.7237476215542e+00
 1.6200000000000e-01  1.7220317682764e+00
 1.6300000000000e-01  1.7203159149988e+00
 1.6400000000000e-01  1.7186000617211e+00
 1.6500000000000e-01  1.7168842084436e+00
 1.6600000000000e-01  1.7151683551662e+00
 1.6700000000000e-01  1.7134525018888e+00
 1.6800000000000e-01  1.7117366486115e+00
 1.6900000000000e-01  1.7100207953343e+00
 1.7000000000000e-01  1.7083049420571e+00
 1.7100000000000e-01  1.7065890887801e+00
 1.7200000000000e-01  1.7048732355031e+00
 1.7300000000000e-01  1.7031573822262e+00
 1.7400000000000e-01  1.7014415289494e+00
 1.7500000000000e-01  1.6997256756726e+00
 1.7600000000000e-01  1.6980098223960e+00
 1.7700000000000e-01  1.6962939691194e+00
 1.7800000000000e-01  1.6945781158429e+00
 1.7900000000000e-01  1.6928622625665e+00
 1.8000000000000e-01  1.6911464092901e+00
 1.8100000000000e-01  1.6894305560139e+00
 1.8200000000000e-01  1.6877147027377e+00
 1.8300000000000e-01  1.6859988494616e+00
 1.8400000000000e-01  1.6842829961856e+00
 1.8500000000000e-01  1.6825671429097e+00
 1.8600000000000e-01  1.6808512896339e+00
 1.8700000000000e-01  1.6791354363581e+00
 1.8800000000000e-01  1.6774195830824e+00
 1.8900000000000e-01  1.6757037298068e+00
 1.9000000000000e-01  1.6739878765313e+00
 1.9100000000000e-01  1.6722720232559e+00
 1.9200000000000e-01  1.6705561699806e+00
 1.9300000000000e-01  1.6688403167053e+00
 1.9400000000000e-01  1.6671244634302e+00
 1.9500000000000e-01  1.6654086101551e+00
 1.9600000000000e-01  1.6636927568801e+00
 1.9700000000000e-01  1.6619769036052e+00
 1.9800000000000e-01  1.6602610503303e+00
 1.9900000000000e-01  1.6585451970556e+00
 2.0000000000000e-01  1.6568293437809e+00
ZONE I=200, F=POINT
 2.0100000000000e-01  1.6551134905063e+00
 2.0200000000000e-01  1.6533976372319e+00
 2.0300000000000e-01  1.6516817839574e+00
 2.0400000000000e-01  1.6499659306831e+00
 2.0500000000000e-01  1.6482500774089e+00
 2.0600000000000e-01  1.6465342241348e+00
 2.0700000000000e-01  1.6448183708607e+00
 2.0800000000000e-01  1.6431025175867e+00
 2.0900000000000e-01  1.6413866643128e+00
 2.1000000000000e-01  1.6396708110390e+00
 2.1100000000000e-01  1.6379549577653e+00
 2.1200000000000e-01  1.6362391044917e+00
 2.1300000000000e-01  1.6345232512182e+00
 2.1400000000000e-01  1.6328073979447e+00
 2.1500000000000e-01  1.6310915446713e+00
 2.1600000000000e-01  1.6293756913981e+00
 2.1700000000000e-01  1.6276598381249e+00
 2.1800000000000e-01  1.6259439848518e+00
 2.1900000000000e-01  1.6242281315788e+00
 2.2000000000000e-01  1.6225122783058e+00
 2.2100000000000e-01  1.6207964250330e+00
 2.2200000000000e-01  1.6190805717603e+00
 2.2300000000000e-01  1.6173647184876e+00
 2.2400000000000e-01  1.6156488652150e+00
 2.2500000000000e-01  1.6139330119425e+00
 2.2600000000000e-01  1.6122171586701e+00
 2.2700000000000e-01  1.6105013053978e+00
 2.2800000000000e-01  1.6087854521256e+00
 2.2900000000000e-01  1.6070695988535e+00
 2.3000000000000e-01  1.6053537455814e+00
 2.3100000000000e-01  1.6036378923095e+00
 2.3200000000000e-01  1.6019220390376e+00
 2.3300000000000e-01  1.6002061857658e+00
 2.3400000000000e-01  1.5984903324941e+00
 2.3500000000000e-01  1.5967744792225e+00
 2.3600000000000e-01  1.5950586259510e+00
 2.3700000000000e-01  1.5933427726796e+00
 2.3800000000000e-01  1.5916269194082e+00
 2.3900000000000e-01  1.5899110661370e+00
 2.4000000000000e-01  1.5881952128658e+00
 2.4100000000000e-01  1.5864793595947e+00
 2.4200000000000e-01  1.5847635063237e+00
 2.4300000000000e-01  1.5830476530528e+00
 2.4400000000000e-01  1.5813317997820e+00
 2.4500000000000e-01  1.5796159465113e+00
 2.4600000000000e-01  1.5779000932406e+00
 2.4700000000000e-01  1.5761842399701e+00
 2.4800000000000e-01  1.5744683866996e+00
 2.4900000000000e-01  1.5727525334293e+00
 2.5000000000000e-01  1.5718088141306e+00
 2.5100000000000e-01  1.5716372288036e+00
 2.5200000000000e-01  1.5714656434766e+00
 2.5300000000000e-01  1.5712940581496e+00
 2.5400000000000e-01  1.5711224728226e+00
 2.5500000000000e-01  1.5709508874956e+00
 2.5600000000000e-01  1.5707793021686e+00
 2.5700000000000e-01  1.5706077168416e+00
 2.5800000000000e-01  1.5704361315147e+00
 2.5900000000000e-01  1.5702645461877e+00
 2.6000000000000e-01  1.5700929608608e+00
 2.6100000000000e-01  1.5699213755339e+00
 2.6200000000000e-01  1.5697497902069e+00
 2.6300000000000e-01  1.5695782048800e+00
 2.6400000000000e-01  1.5694066195531e+00
 2.6500000000000e-01  1.5692350342262e+00
 2.6600000000000e-01  1.5690634488993e+00
 2.6700000000000e-01  1.5688918635724e+00
 2.6800000000000e-01  1.5687202782456e+00
 2.6900000000000e-01  1.5685486929187e+00
 2.7000000000000e-01  1.5683771075918e+00
 2.7100000000000e-01  1.5682055222650e+00
 2.7200000000000e-01  1.5680339369381e+00
 2.7300000000000e-01  1.5678623516113e+00
 2.7400000000000e-01  1.5676907662845e+00
 2.7500000000000e-01  1.5675191809576e+00
 2.7600000000000e-01  1.5673475956308e+00
 2.7700000000000e-01  1.5671760103040e+00
 2.7800000000000e-01  1.5670044249772e+00
 2.7900000000000e-01  1.5668328396504e+00
 2.8000000000000e-01  1.5666612543236e+00
 2.8100000000000e-01  1.5664896689969e+00
 2.8200000000000e-01  1.5663180836701e+00
 2.8300000000000e-01  1.5661464983433e+00
 2.8400000000000e-01  1.5659749130165e+00
 2.8500000000000e-01  1.5658033276898e+00
 2.8600000000000e-01  1.5656317423630e+00
 2.8700000000000e-01  1.5654601570363e+00
 2.8800000000000e-01  1.5652885717095e+00
 2.8900000000000e-01  1.5651169863828e+00
 2.9000000000000e-01  1.5649454010561e+00
 2.9100000000000e-01  1.5647738157293e+00
 2.9200000000000e-01  1.5646022304026e+00
 2.9300000000000e-01  1.5644306450759e+00
 2.9400000000000e-01  1.5642590597491e+00
 2.9500000000000e-01  1.5640874744224e+00
 2.9600000000000e-01  1.5639158890957e+00
 2.9700000000000e-01  1.5637443037689e+00
 2.9800000000000e-01  1.5635727184422e+00
 2.9900000000000e-01  1.5634011331154e+00
 3.0000000000000e-01  1.5632295477887e+00
 3.0100000000000e-01  1.5630579624619e+00
 3.0200000000000e-01  1.5628863771351e+00
 3.0300000000000e-01  1.5627147918084e+00
 3.0400000000000e-01  1.5625432064816e+00
 3.0500000000000e-01  1.5623716211548e+00
 3.0600000000000e-01  1.5622000358280e+00
 3.0700000000000e-01  1.5620284505011e+00
 3.0800000000000e-01  1.5618568651743e+00
 3.0900000000000e-01  1.5616852798474e+00
 3.1000000000000e-01  1.5615136945205e+00
 3.1100000000000e-01  1.5613421091935e+00
 3.1200000000000e-01  1.5611705238665e+00
 3.1300000000000e-01  1.5609989385395e+00
 3.1400000000000e-01  1.5608273532125e+00
 3.1500000000000e-01  1.5606557678854e+00
 3.1600000000000e-01  1.5604841825582e+00
 3.1700000000000e-01  1.5603125972310e+00
 3.1800000000000e-01  1.5601410119037e+00
 3.1900000000000e-01  1.5599694265764e+00
 3.2000000000000e-01  1.5597978412490e+00
 3.2100000000000e-01  1.5596262559214e+00
 3.2200000000000e-01  1.5594546705938e+00
 3.2300000000000e-01  1.5592830852661e+00
 3.2400000000000e-01  1.5591114999383e+00
 3.2500000000000e-01  1.5589399146104e+00
 3.2600000000000e-01  1.5587683292823e+00
 3.2700000000000e-01  1.5585967439541e+00
 3.2800000000000e-01  1.5584251586257e+00
 3.2900000000000e-01  1.5582535732972e+00
 3.3000000000000e-01  1.5580819879684e+00
 3.3100000000000e-01  1.5579104026395e+00
 3.3200000000000e-01  1.5577388173103e+00
 3.3300000000000e-01  1.5575672319809e+00
 3.3400000000000e-01  1.5573956466511e+00
 3.3500000000000e-01  1.5572240613211e+00
 3.3600000000000e-01  1.5570524759908e+00
 3.3700000000000e-01  1.5568808906601e+00
 3.3800000000000e-01  1.5567093053291e+00
 3.3900000000000e-01  1.5565377199976e+00
 3.4000000000000e-01  1.5563661346657e+00
 3.4100000000000e-01  1.5561945493333e+00
 3.4200000000000e-01  1.5560229640003e+00
 3.4300000000000e-01  1.5558513786668e+00
 3.4400000000000e-01  1.5556797933326e+00
 3.4500000000000e-01  1.5555082079977e+00
 3.4600000000000e-01  1.5553366226621e+00
 3.4700000000000e-01  1.5551650373257e+00
 3.4800000000000e-01  1.5549934519885e+00
 3.4900000000000e-01  1.5548218666502e+00
 3.5000000000000e-01  1.5546502813110e+00
 3.5100000000000e-01  1.5544786959706e+00
 3.5200000000000e-01  1.5543071106290e+00
 3.5300000000000e-01  1.5541355252861e+00
 3.5400000000000e-01  1.5539639399418e+00
 3.5500000000000e-01  1.5537923545959e+00
 3.5600000000000e-01  1.5536207692484e+00
 3.5700000000000e-01  1.5534491838991e+00
 3.5800000000000e-01  1.5532775985478e+00
 3.5900000000000e-01  1.5531060131944e+00
 3.6000000000000e-01  1.5529344278387e+00
 3.6100000000000e-01  1.5527628424806e+00
 3.6200000000000e-01  1.5525912571198e+00
 3.6300000000000e-01  1.5524196717561e+00
 3.6400000000000e-01  1.5522480863892e+00
 3.6500000000000e-01  1.5520765010190e+00
 3.6600000000000e-01  1.5519049156452e+00
 3.6700000000000e-01  1.5517333302674e+00
 3.6800000000000e-01  1.5515617448854e+00
 3.6900000000000e-01  1.5513901594988e+00
 3.7000000000000e-01  1.5512185741072e+00
 3.7100000000000e-01  1.5510469887103e+00
 3.7200000000000e-01  1.5508754033076e+00
 3.7300000000000e-01  1.5507038178986e+00
 3.7400000000000e-01  1.5505322324830e+00
 3.7500000000000e-01  1.5503606470601e+00
 3.7600000000000e-01  1.5501890616295e+00
 3.7700000000000e-01  1.5500174761904e+00
 3.7800000000000e-01  1.5498458907422e+00
 3.7900000000000e-01  1.5496743052843e+00
 3.8000000000000e-01  1.5495027198159e+00
 3.8100000000000e-01  1.5493311343361e+00
 3.8200000000000e-01  1.5491595488442e+00
 3.8300000000000e-01  1.5489879633391e+00
 3.8400000000000e-01  1.5488163778199e+00
 3.8500000000000e-01  1.5486447922854e+00
 3.8600000000000e-01  1.5484732067346e+00
 3.8700000000000e-01  1.5483016211662e+00
 3.8800000000000e-01  1.5481300355789e+00
 3.8900000000000e-01  1.5479584499712e+00
 3.9000000000000e-01  1.5477868643417e+00
 3.9100000000000e-01  1.5476152786886e+00
 3.9200000000000e-01  1.5474436930102e+00
 3.9300000000000e-01  1.5472721073047e+00
 3.9400000000000e-01  1.5471005215701e+00
 3.9500000000000e-01  1.5469289358041e+00
 3.9600000000000e-01  1.5467573500045e+00
 3.9700000000000e-01  1.5465857641688e+00
 3.9800000000000e-01  1.5464141782943e+00
 3.9900000000000e-01  1.5462425923783e+00
 4.0000000000000e-01  1.5460710064176e+00
ZONE I=200, F=POINT
 4.0100000000000e-01  1.5458994204092e+00
 4.0200000000000e-01  1.5457278343494e+00
 4.0300000000000e-01  1.5455562482346e+00
 4.0400000000000e-01  1.5453846620608e+00
 4.0500000000000e-01  1.5452130758238e+00
 4.0600000000000e-01  1.5450414895191e+00
 4.0700000000000e-01  1.5448699031419e+00
 4.0800000000000e-01  1.5446983166869e+00
 4.0900000000000e-01  1.5445267301487e+00
 4.1000000000000e-01  1.5443551435214e+00
 4.1100000000000e-01  1.5441835567987e+00
 4.1200000000000e-01  1.5440119699739e+00
 4.1300000000000e-01  1.5438403830398e+00
 4.1400000000000e-01  1.5436687959889e+00
 4.1500000000000e-01  1.5434972088130e+00
 4.1600000000000e-01  1.5433256215033e+00
 4.1700000000000e-01  1.5431540340508e+00
 4.1800000000000e-01  1.5429824464454e+00
 4.1900000000000e-01  1.5428108586767e+00
 4.2000000000000e-01  1.5426392707335e+00
 4.2100000000000e-01  1.5424676826039e+00
 4.2200000000000e-01  1.5422960942751e+00
 4.2300000000000e-01  1.5421245057337e+00
 4.2400000000000e-01  1.5419529169653e+00
 4.2500000000000e-01  1.5417813279545e+00
 4.2600000000000e-01  1.5416097386850e+00
 4.2700000000000e-01  1.5414381491395e+00
 4.2800000000000e-01  1.5412665592995e+00
 4.2900000000000e-01  1.5410949691454e+00
 4.3000000000000e-01  1.5409233786564e+00
 4.3100000000000e-01  1.5407517878103e+00
 4.3200000000000e-01  1.5405801965835e+00
 4.3300000000000e-01  1.5404086049509e+00
 4.3400000000000e-01  1.5402370128860e+00
 4.3500000000000e-01  1.5400654203606e+00
 4.3600000000000e-01  1.5398938273446e+00
 4.3700000000000e-01  1.5397222338061e+00
 4.3800000000000e-01  1.5395506397115e+00
 4.3900000000000e-01  1.5393790450247e+00
 4.4000000000000e-01  1.5392074497078e+00
 4.4100000000000e-01  1.5390358537203e+00
 4.4200000000000e-01  1.5388642570194e+00
 4.4300000000000e-01  1.5386926595598e+00
 4.4400000000000e-01  1.5385210612933e+00
 4.4500000000000e-01  1.5383494621690e+00
 4.4600000000000e-01  1.5381778621326e+00
 4.4700000000000e-01  1.5380062611271e+00
 4.4800000000000e-01  1.5378346590916e+00
 4.4900000000000e-01  1.5376630559621e+00
 4.5000000000000e-01  1.5374914516705e+00
 4.5100000000000e-01  1.5373198461448e+00
 4.5200000000000e-01  1.5371482393088e+00
 4.5300000000000e-01  1.5369766310819e+00
 4.5400000000000e-01  1.5368050213789e+00
 4.5500000000000e-01  1.5366334101095e+00
 4.5600000000000e-01  1.5364617971785e+00
 4.5700000000000e-01  1.5362901824850e+00
 4.5800000000000e-01  1.5361185659224e+00
 4.5900000000000e-01  1.5359469473781e+00
 4.6000000000000e-01  1.5357753267332e+00
 4.6100000000000e-01  1.5356037038620e+00
 4.6200000000000e-01  1.5354320786318e+00
 4.6300000000000e-01  1.5352604509025e+00
 4.6400000000000e-01  1.5350888205262e+00
 4.6500000000000e-01  1.5349171873468e+00
 4.6600000000000e-01  1.5347455511994e+00
 4.6700000000000e-01  1.5345739119105e+00
 4.6800000000000e-01  1.5344022692967e+00
 4.6900000000000e-01  1.5342306231647e+00
 4.7000000000000e-01  1.5340589733108e+00
 4.7100000000000e-01  1.5338873195202e+00
 4.7200000000000e-01  1.5337156615666e+00
 4.7300000000000e-01  1.5335439992116e+00
 4.7400000000000e-01  1.5333723322039e+00
 4.7500000000000e-01  1.5332006602790e+00
 4.7600000000000e-01  1.5330289831583e+00
 4.7700000000000e-01  1.5328573005487e+00
 4.7800000000000e-01  1.5326856121415e+00
 4.7900000000000e-01  1.5325139176120e+00
 4.8000000000000e-01  1.5323422166186e+00
 4.8100000000000e-01  1.5321705088019e+00
 4.8200000000000e-01  1.5319987937840e+00
 4.8300000000000e-01  1.5318270711678e+00
 4.8400000000000e-01  1.5316553405355e+00
 4.8500000000000e-01  1.5314836014484e+00
 4.8600000000000e-01  1.5313118534454e+00
 4.8700000000000e-01  1.5311400960421e+00
 4.8800000000000e-01  1.5309683287298e+00
 4.8900000000000e-01  1.5307965509744e+00
 4.9000000000000e-01  1.5306247622153e+00
 4.9100000000000e-01  1.5304529618639e+00
 4.9200000000000e-01  1.5302811493026e+00
 4.9300000000000e-01  1.5301093238837e+00
 4.9400000000000e-01  1.5299374849277e+00
 4.9500000000000e-01  1.5297656317218e+00
 4.9600000000000e-01  1.5295937635191e+00
 4.9700000000000e-01  1.5294218795365e+00
 4.9800000000000e-01  1.5292499789533e+00
 4.9900000000000e-01  1.5290780609096e+00
 5.0000000000000e-01  1.5289061245046e+00
 5.0100000000000e-01  1.5287341687952e+00
 5.0200000000000e-01  1.5285621927935e+00
 5.0300000000000e-01  1.5283901954655e+00
 5.0400000000000e-01  1.5282181757290e+00
 5.0500000000000e-01  1.5280461324515e+00
 5.0600000000000e-01  1.5278740644485e+00
 5.0700000000000e-01  1.5277019704807e+00
 5.0800000000000e-01  1.5275298492524e+00
 5.0900000000000e-01  1.5273576994088e+00
 5.1000000000000e-01  1.5271855195339e+00
 5.1100000000000e-01  1.5270133081479e+00
 5.1200000000000e-01  1.5268410637047e+00
 5.1300000000000e-01  1.5266687845892e+00
 5.1400000000000e-01  1.5264964691148e+00
 5.1500000000000e-01  1.5263241155203e+00
 5.1600000000000e-01  1.5261517219674e+00
 5.1700000000000e-01  1.5259792865373e+00
 5.1800000000000e-01  1.5258068072281e+00
 5.1900000000000e-01  1.5256342819510e+00
 5.2000000000000e-01  1.5254617085279e+00
 5.2100000000000e-01  1.5252890846872e+00
 5.2200000000000e-01  1.5251164080608e+00
 5.2300000000000e-01  1.5249436761804e+00
 5.2400000000000e-01  1.5247708864739e+00
 5.2500000000000e-01  1.5245980362616e+00
 5.2600000000000e-01  1.5244251227521e+00
 5.2700000000000e-01  1.5242521430387e+00
 5.2800000000000e-01  1.5240790940948e+00
 5.2900000000000e-01  1.5239059727702e+00
 5.3000000000000e-01  1.5237327757863e+00
 5.3100000000000e-01  1.5235594997319e+00
 5.3200000000000e-01  1.5233861410584e+00
 5.3300000000000e-01  1.5232126960753e+00
 5.3400000000000e-01  1.5230391609454e+00
 5.3500000000000e-01  1.5228655316795e+00
 5.3600000000000e-01  1.5226918041317e+00
 5.3700000000000e-01  1.5225179739939e+00
 5.3800000000000e-01  1.5223440367906e+00
 5.3900000000000e-01  1.5221699878736e+00
 5.4000000000000e-01  1.5219958224158e+00
 5.4100000000000e-01  1.5218215354063e+00
 5.4200000000000e-01  1.5216471216438e+00
 5.4300000000000e-01  1.5214725757310e+00
 5.4400000000000e-01  1.5212978920681e+00
 5.4500000000000e-01  1.5211230648471e+00
 5.4600000000000e-01  1.5209480880447e+00
 5.4700000000000e-01  1.5207729554163e+00
 5.4800000000000e-01  1.5205976604889e+00
 5.4900000000000e-01  1.5204221965545e+00
 5.5000000000000e-01  1.5202465566629e+00
 5.5100000000000e-01  1.5200707336149e+00
 5.5200000000000e-01  1.5198947199549e+00
 5.5300000000000e-01  1.5197185079633e+00
 5.5400000000000e-01  1.5195420896492e+00
 5.5500000000000e-01  1.5193654567428e+00
 5.5600000000000e-01  1.5191886006872e+00
 5.5700000000000e-01  1.5190115126309e+00
 5.5800000000000e-01  1.5188341834194e+00
 5.5900000000000e-01  1.5186566035874e+00
 5.6000000000000e-01  1.5184787633498e+00
 5.6100000000000e-01  1.5183006525937e+00
 5.6200000000000e-01  1.5181222608698e+00
 5.6300000000000e-01  1.5179435773832e+00
 5.6400000000000e-01  1.5177645909853e+00
 5.6500000000000e-01  1.5175852901640e+00
 5.6600000000000e-01  1.5174056630352e+00
 5.6700000000000e-01  1.5172256973332e+00
 5.6800000000000e-01  1.5170453804014e+00
 5.6900000000000e-01  1.5168646991833e+00
 5.7000000000000e-01  1.5166836402123e+00
 5.7100000000000e-01  1.5165021896023e+00
 5.7200000000000e-01  1.5163203330381e+00
 5.7300000000000e-01  1.5161380557654e+00
 5.7400000000000e-01  1.5159553425806e+00
 5.7500000000000e-01  1.5157721778214e+00
 5.7600000000000e-01  1.5155885453559e+00
 5.7700000000000e-01  1.5154044285731e+00
 5.7800000000000e-01  1.5152198103722e+00
 5.7900000000000e-01  1.5150346731523e+00
 5.8000000000000e-01  1.5148489988023e+00
 5.8100000000000e-01  1.5146627686903e+00
 5.8200000000000e-01  1.5144759636527e+00
 5.8300000000000e-01  1.5142885639846e+00
 5.8400000000000e-01  1.5141005494283e+00
 5.8500000000000e-01  1.5139118991634e+00
 5.8600000000000e-01  1.5137225917958e+00
 5.8700000000000e-01  1.5135326053472e+00
 5.8800000000000e-01  1.5133419172446e+00
 5.8900000000000e-01  1.5131505043097e+00
 5.9000000000000e-01  1.5129583427481e+00
 5.9100000000000e-01  1.5127654081392e+00
 5.9200000000000e-01  1.5125716754251e+00
 5.9300000000000e-01  1.5123771189006e+00
 5.9400000000000e-01  1.5121817122028e+00
 5.9500000000000e-01  1.5119854283002e+00
 5.9600000000000e-01  1.5117882394832e+00
 5.9700000000000e-01  1.5115901173534e+00
 5.9800000000000e-01  1.5113910328139e+00
 5.9900000000000e-01  1.5111909560588e+00
 6.0000000000000e-01  1.5109898565639e+00
ZONE I=200, F=POINT
 6.0100000000000e-01  1.5107877030768e+00
 6.0200000000000e-01  1.5105844636071e+00
 6.0300000000000e-01  1.5103801054176e+00
 6.0400000000000e-01  1.5101745950144e+00
 6.0500000000000e-01  1.5099678981381e+00
 6.0600000000000e-01  1.5097599797551e+00
 6.0700000000000e-01  1.5095508040488e+00
 6.0800000000000e-01  1.5093403344112e+00
 6.0900000000000e-01  1.5091285334348e+00
 6.1000000000000e-01  1.5089153629044e+00
 6.1100000000000e-01  1.5087007837899e+00
 6.1200000000000e-01  1.5084847562383e+00
 6.1300000000000e-01  1.5082672395670e+00
 6.1400000000000e-01  1.5080481922571e+00
 6.1500000000000e-01  1.5078275719465e+00
 6.1600000000000e-01  1.5076053354239e+00
 6.1700000000000e-01  1.5073814386233e+00
 6.1800000000000e-01  1.5071558366181e+00
 6.1900000000000e-01  1.5069284836163e+00
 6.2000000000000e-01  1.5066993329559e+00
 6.2100000000000e-01  1.5064683371002e+00
 6.2200000000000e-01  1.5062354476345e+00
 6.2300000000000e-01  1.5060006152621e+00
 6.2400000000000e-01  1.5057637898020e+00
 6.2500000000000e-01  1.5055249201857e+00
 6.2600000000000e-01  1.5052839544555e+00
 6.2700000000000e-01  1.5050408397630e+00
 6.2800000000000e-01  1.5047955223678e+00
 6.2900000000000e-01  1.5045479476373e+00
 6.3000000000000e-01  1.5042980600461e+00
 6.3100000000000e-01  1.5040458031774e+00
 6.3200000000000e-01  1.5037911197233e+00
 6.3300000000000e-01  1.5035339514868e+00
 6.3400000000000e-01  1.5032742393840e+00
 6.3500000000000e-01  1.5030119234469e+00
 6.3600000000000e-01  1.5027469428268e+00
 6.3700000000000e-01  1.5024792357984e+00
 6.3800000000000e-01  1.5022087397645e+00
 6.3900000000000e-01  1.5019353912612e+00
 6.4000000000000e-01  1.5016591259637e+00
 6.4100000000000e-01  1.5013798786936e+00
 6.4200000000000e-01  1.5010975834250e+00
 6.4300000000000e-01  1.5008121732937e+00
 6.4400000000000e-01  1.5005235806050e+00
 6.4500000000000e-01  1.5002317368434e+00
 6.4600000000000e-01  1.4999365726822e+00
 6.4700000000000e-01  1.4996380179951e+00
 6.4800000000000e-01  1.4993360018665e+00
 6.4900000000000e-01  1.4990304526046e+00
 6.5000000000000e-01  1.4987212977539e+00
 6.5100000000000e-01  1.4984084641088e+00
 6.5200000000000e-01  1.4980918777280e+00
 6.5300000000000e-01  1.4977714639497e+00
 6.5400000000000e-01  1.4974471474070e+00
 6.5500000000000e-01  1.4971188520452e+00
 6.5600000000000e-01  1.4967865011383e+00
 6.5700000000000e-01  1.4964500173076e+00
 6.5800000000000e-01  1.4961093225403e+00
 6.5900000000000e-01  1.4957643382091e+00
 6.6000000000000e-01  1.4954149850922e+00
 6.6100000000000e-01  1.4950611833946e+00
 6.6200000000000e-01  1.4947028527698e+00
 6.6300000000000e-01  1.4943399123422e+00
 6.6400000000000e-01  1.4939722807302e+00
 6.6500000000000e-01  1.4935998760701e+00
 6.6600000000000e-01  1.4932226160411e+00
 6.6700000000000e-01  1.4928404178902e+00
 6.6800000000000e-01  1.4924531984582e+00
 6.6900000000000e-01  1.4920608742067e+00
 6.7000000000000e-01  1.4916633612453e+00
 6.7100000000000e-01  1.4912605753596e+00
 6.7200000000000e-01  1.4908524320402e+00
 6.7300000000000e-01  1.4904388465115e+00
 6.7400000000000e-01  1.4900197337621e+00
 6.7500000000000e-01  1.4895950085755e+00
 6.7600000000000e-01  1.4891645855605e+00
 6.7700000000000e-01  1.4887283791841e+00
 6.7800000000000e-01  1.4882863038027e+00
 6.7900000000000e-01  1.4878382736960e+00
 6.8000000000000e-01  1.4873842030995e+00
 6.8100000000000e-01  1.4869240062390e+00
 6.8200000000000e-01  1.4864575973650e+00
 6.8300000000000e-01  1.4859848907872e+00
 6.8400000000000e-01  1.4855058009101e+00
 6.8500000000000e-01  1.4850202422688e+00
 6.8600000000000e-01  1.4845281295649e+00
 6.8700000000000e-01  1.4840293777034e+00
 6.8800000000000e-01  1.4835239018292e+00
 6.8900000000000e-01  1.4830116173648e+00
 6.9000000000000e-01  1.4824924400473e+00
 6.9100000000000e-01  1.4819662859665e+00
 6.9200000000000e-01  1.4814330716031e+00
 6.9300000000000e-01  1.4808927138665e+00
 6.9400000000000e-01  1.4803451301338e+00
 6.9500000000000e-01  1.4797902382881e+00
 6.9600000000000e-01  1.4792279567576e+00
 6.9700000000000e-01  1.4786582045541e+00
 6.9800000000000e-01  1.4780809013122e+00
 6.9900000000000e-01  1.4774959673282e+00
 7.0000000000000e-01  1.4769033235994e+00
 7.0100000000000e-01  1.4763028918627e+00
 7.0200000000000e-01  1.4756945946341e+00
 7.0300000000000e-01  1.4750783552469e+00
 7.0400000000000e-01  1.4744540978911e+00
 7.0500000000000e-01  1.4738217476519e+00
 7.0600000000000e-01  1.4731812305479e+00
 7.0700000000000e-01  1.4725324735695e+00
 7.0800000000000e-01  1.4718754047172e+00
 7.0900000000000e-01  1.4712099530388e+00
 7.1000000000000e-01  1.4705360486674e+00
 7.1100000000000e-01  1.4698536228581e+00
 7.1200000000000e-01  1.4691626080250e+00
 7.1300000000000e-01  1.4684629377772e+00
 7.1400000000000e-01  1.4677545469552e+00
 7.1500000000000e-01  1.4670373716658e+00
 7.1600000000000e-01  1.4663113493173e+00
 7.1700000000000e-01  1.4655764186540e+00
 7.1800000000000e-01  1.4648325197898e+00
 7.1900000000000e-01  1.4640795942414e+00
 7.2000000000000e-01  1.4633175849613e+00
 7.2100000000000e-01  1.4625464363694e+00
 7.2200000000000e-01  1.4617660943842e+00
 7.2300000000000e-01  1.4609765064540e+00
 7.2400000000000e-01  1.4601776215858e+00
 7.2500000000000e-01  1.4593693903750e+00
 7.2600000000000e-01  1.4585517650337e+00
 7.2700000000000e-01  1.4577246994175e+00
 7.2800000000000e-01  1.4568881490528e+00
 7.2900000000000e-01  1.4560420711620e+00
 7.3000000000000e-01  1.4551864246885e+00
 7.3100000000000e-01  1.4543211703206e+00
 7.3200000000000e-01  1.4534462705144e+00
 7.3300000000000e-01  1.4525616895157e+00
 7.3400000000000e-01  1.4516673933808e+00
 7.3500000000000e-01  1.4507633499969e+00
 7.3600000000000e-01  1.4498495291007e+00
 7.3700000000000e-01  1.4489259022961e+00
 7.3800000000000e-01  1.4479924430715e+00
 7.3900000000000e-01  1.4470491268151e+00
 7.4000000000000e-01  1.4460959308295e+00
 7.4100000000000e-01  1.4451328343457e+00
 7.4200000000000e-01  1.4441598185346e+00
 7.4300000000000e-01  1.4431768665192e+00
 7.4400000000000e-01  1.4421839633840e+00
 7.4500000000000e-01  1.4411810961841e+00
 7.4600000000000e-01  1.4401682539529e+00
 7.4700000000000e-01  1.4391454277089e+00
 7.4800000000000e-01  1.4381126104609e+00
 7.4900000000000e-01  1.4370697972121e+00
 7.5000000000000e-01  1.4360169849633e+00
 7.5100000000000e-01  1.4349541727144e+00
 7.5200000000000e-01  1.4338813614655e+00
 7.5300000000000e-01  1.4327985542158e+00
 7.5400000000000e-01  1.4317057559621e+00
 7.5500000000000e-01  1.4306029736956e+00
 7.5600000000000e-01  1.4294902163979e+00
 7.5700000000000e-01  1.4283674950354e+00
 7.5800000000000e-01  1.4272348225531e+00
 7.5900000000000e-01  1.4260922138664e+00
 7.6000000000000e-01  1.4249396858526e+00
 7.6100000000000e-01  1.4237772573404e+00
 7.6200000000000e-01  1.4226049490992e+00
 7.6300000000000e-01  1.4214227838261e+00
 7.6400000000000e-01  1.4202307861329e+00
 7.6500000000000e-01  1.4190289825315e+00
 7.6600000000000e-01  1.4178174014177e+00
 7.6700000000000e-01  1.4165960730549e+00
 7.6800000000000e-01  1.4153650295559e+00
 7.6900000000000e-01  1.4141243048644e+00
 7.7000000000000e-01  1.4128739347346e+00
 7.7100000000000e-01  1.4116139567104e+00
 7.7200000000000e-01  1.4103444101035e+00
 7.7300000000000e-01  1.4090653359705e+00
 7.7400000000000e-01  1.4077767770890e+00
 7.7500000000000e-01  1.4064787779327e+00
 7.7600000000000e-01  1.4051713846457e+00
 7.7700000000000e-01  1.4038546450162e+00
 7.7800000000000e-01  1.4025286084487e+00
 7.7900000000000e-01  1.4011933259362e+00
 7.8000000000000e-01  1.3998488500304e+00
 7.8100000000000e-01  1.3984952348128e+00
 7.8200000000000e-01  1.3971325358635e+00
 7.8300000000000e-01  1.3957608102300e+00
 7.8400000000000e-01  1.3943801163956e+00
 7.8500000000000e-01  1.3929905142463e+00
 7.8600000000000e-01  1.3915920650380e+00
 7.8700000000000e-01  1.3901848313624e+00
 7.8800000000000e-01  1.3887688771124e+00
 7.8900000000000e-01  1.3873442674478e+00
 7.9000000000000e-01  1.3859110687594e+00
 7.9100000000000e-01  1.3844693486331e+00
 7.9200000000000e-01  1.3830191758137e+00
 7.9300000000000e-01  1.3815606201684e+00
 7.9400000000000e-01  1.3800937526490e+00
 7.9500000000000e-01  1.3786186452553e+00
 7.9600000000000e-01  1.3771353709968e+00
 7.9700000000000e-01  1.3756440038548e+00
 7.9800000000000e-01  1.3741446187443e+00
 7.9900000000000e-01  1.3726372914752e+00
 8.0000000000000e-01  1.3711220987141e+00
ZONE I=200, F=POINT
 8.0100000000000e-01  1.3695991179452e+00
 8.0200000000000e-01  1.3680684274314e+00
 8.0300000000000e-01  1.3665301061756e+00
 8.0400000000000e-01  1.3649842338814e+00
 8.0500000000000e-01  1.3634308909142e+00
 8.0600000000000e-01  1.3618701582621e+00
 8.0700000000000e-01  1.3603021174970e+00
 8.0800000000000e-01  1.3587268507359e+00
 8.0900000000000e-01  1.3571444406016e+00
 8.1000000000000e-01  1.3555549701846e+00
 8.1100000000000e-01  1.3539585230044e+00
 8.1200000000000e-01  1.3523551829711e+00
 8.1300000000000e-01  1.3507450343474e+00
 8.1400000000000e-01  1.3491281617112e+00
 8.1500000000000e-01  1.3475046499173e+00
 8.1600000000000e-01  1.3458745840609e+00
 8.1700000000000e-01  1.3442380494403e+00
 8.1800000000000e-01  1.3425951315203e+00
 8.1900000000000e-01  1.3409459158966e+00
 8.2000000000000e-01  1.3392904882592e+00
 8.2100000000000e-01  1.3376289343580e+00
 8.2200000000000e-01  1.3359613399669e+00
 8.2300000000000e-01  1.3342877908505e+00
 8.2400000000000e-01  1.3326083727292e+00
 8.2500000000000e-01  1.3309231712463e+00
 8.2600000000000e-01  1.3292322719352e+00
 8.2700000000000e-01  1.3275357601868e+00
 8.2800000000000e-01  1.3258337212177e+00
 8.2900000000000e-01  1.3241262400394e+00
 8.3000000000000e-01  1.3224134014272e+00
 8.3100000000000e-01  1.3206952898908e+00
 8.3200000000000e-01  1.3189719896445e+00
 8.3300000000000e-01  1.3172435845787e+00
 8.3400000000000e-01  1.3155101582319e+00
 8.3500000000000e-01  1.3137717937631e+00
 8.3600000000000e-01  1.3120285739253e+00
 8.3700000000000e-01  1.3102805810395e+00
 8.3800000000000e-01  1.3085278969693e+00
 8.3900000000000e-01  1.3067706030963e+00
 8.4000000000000e-01  1.3050087802960e+00
 8.4100000000000e-01  1.3032425089151e+00
 8.4200000000000e-01  1.3014718687486e+00
 8.4300000000000e-01  1.2996969390180e+00
 8.4400000000000e-01  1.2979177983508e+00
 8.4500000000000e-01  1.2961345247599e+00
 8.4600000000000e-01  1.2943471956239e+00
 8.4700000000000e-01  1.2925558876687e+00
 8.4800000000000e-01  1.2907606769492e+00
 8.4900000000000e-01  1.2889616388322e+00
 8.5000000000000e-01  1.2871588479794e+00
 8.5100000000000e-01  1.2853523783323e+00
 8.5200000000000e-01  1.2835423030963e+00
 8.5300000000000e-01  1.2817286947270e+00
 8.5400000000000e-01  1.2799116249163e+00
 8.5500000000000e-01  1.2780911645796e+00
 8.5600000000000e-01  1.2762673838434e+00
 8.5700000000000e-01  1.2744403520342e+00
 8.5800000000000e-01  1.2726101376676e+00
 8.5900000000000e-01  1.2707768084383e+00
 8.6000000000000e-01  1.2689404312106e+00
 8.6100000000000e-01  1.2671010720101e+00
 8.6200000000000e-01  1.2652587960156e+00
 8.6300000000000e-01  1.2634136675516e+00
 8.6400000000000e-01  1.2615657500821e+00
 8.6500000000000e-01  1.2597151062043e+00
 8.6600000000000e-01  1.2578617976435e+00
 8.6700000000000e-01  1.2560058852484e+00
 8.6800000000000e-01  1.2541474289870e+00
 8.6900000000000e-01  1.2522864879432e+00
 8.7000000000000e-01  1.2504231203140e+00
 8.7100000000000e-01  1.2485573834072e+00
 8.7200000000000e-01  1.2466893336398e+00
 8.7300000000000e-01  1.2448190265371e+00
 8.7400000000000e-01  1.2429465167317e+00
 8.7500000000000e-01  1.2410718579639e+00
 8.7600000000000e-01  1.2391951030823e+00
 8.7700000000000e-01  1.2373163040444e+00
 8.7800000000000e-01  1.2354355119188e+00
 8.7900000000000e-01  1.2335527768866e+00
 8.8000000000000e-01  1.2316681482443e+00
 8.8100000000000e-01  1.2297816744068e+00
 8.8200000000000e-01  1.2278934029106e+00
 8.8300000000000e-01  1.2260033804178e+00
 8.8400000000000e-01  1.2241116527205e+00
 8.8500000000000e-01  1.2222182647451e+00
 8.8600000000000e-01  1.2203232605578e+00
 8.8700000000000e-01  1.2184266833697e+00
 8.8800000000000e-01  1.2165285755429e+00
 8.8900000000000e-01  1.2146289785966e+00
 8.9000000000000e-01  1.2127279332131e+00
 8.9100000000000e-01  1.2108254792454e+00
 8.9200000000000e-01  1.2089216557239e+00
 8.9300000000000e-01  1.2070165008634e+00
 8.9400000000000e-01  1.2051100520717e+00
 8.9500000000000e-01  1.2032023459567e+00
 8.9600000000000e-01  1.2012934183349e+00
 8.9700000000000e-01  1.1993833042402e+00
 8.9800000000000e-01  1.1974720379316e+00
 8.9900000000000e-01  1.1955596529032e+00
 9.0000000000000e-01  1.1936461818923e+00
 9.0100000000000e-01  1.1917316568891e+00
 9.0200000000000e-01  1.1898161091462e+00
 9.0300000000000e-01  1.1878995691877e+00
 9.0400000000000e-01  1.1859820668194e+00
 9.0500000000000e-01  1.1840636311383e+00
 9.0600000000000e-01  1.1821442905428e+00
 9.0700000000000e-01  1.1802240727426e+00
 9.0800000000000e-01  1.1783030047690e+00
 9.0900000000000e-01  1.1763811129850e+00
 9.1000000000000e-01  1.1744584230958e+00
 9.1100000000000e-01  1.1725349601593e+00
 9.1200000000000e-01  1.1706107485961e+00
 9.1300000000000e-01  1.1686858122006e+00
 9.1400000000000e-01  1.1667601741511e+00
 9.1500000000000e-01  1.1648338570206e+00
 9.1600000000000e-01  1.1629068827874e+00
 9.1700000000000e-01  1.1609792728455e+00
 9.1800000000000e-01  1.1590510480155e+00
 9.1900000000000e-01  1.1571222285549e+00
 9.2000000000000e-01  1.1551928341689e+00
 9.2100000000000e-01  1.1532628840207e+00
 9.2200000000000e-01  1.1513323967424e+00
 9.2300000000000e-01  1.1494013904452e+00
 9.2400000000000e-01  1.1474698827298e+00
 9.2500000000000e-01  1.1455378906971e+00
 9.2600000000000e-01  1.1436054309582e+00
 9.2700000000000e-01  1.1416725196447e+00
 9.2800000000000e-01  1.1397391724193e+00
 9.2900000000000e-01  1.1378054044853e+00
 9.3000000000000e-01  1.1358712305971e+00
 9.3100000000000e-01  1.1339366650699e+00
 9.3200000000000e-01  1.1320017217898e+00
 9.3300000000000e-01  1.1300664142233e+00
 9.3400000000000e-01  1.1281307554271e+00
 9.3500000000000e-01  1.1261947580577e+00
 9.3600000000000e-01  1.1242584343808e+00
 9.3700000000000e-01  1.1223217962805e+00
 9.3800000000000e-01  1.1203848552688e+00
 9.3900000000000e-01  1.1184476224945e+00
 9.4000000000000e-01  1.1165101087523e+00
 9.4100000000000e-01  1.1145723244916e+00
 9.4200000000000e-01  1.1126342798254e+00
 9.4300000000000e-01  1.1106959845385e+00
 9.4400000000000e-01  1.1087574480966e+00
 9.4500000000000e-01  1.1068186796539e+00
 9.4600000000000e-01  1.1048796880621e+00
 9.4700000000000e-01  1.1029404818778e+00
 9.4800000000000e-01  1.1010010693712e+00
 9.4900000000000e-01  1.0990614585329e+00
 9.5000000000000e-01  1.0971216570825e+00
 9.5100000000000e-01  1.0951816724757e+00
 9.5200000000000e-01  1.0932415119119e+00
 9.5300000000000e-01  1.0913011823409e+00
 9.5400000000000e-01  1.0893606904710e+00
 9.5500000000000e-01  1.0874200427750e+00
 9.5600000000000e-01  1.0854792454977e+00
 9.5700000000000e-01  1.0835383046622e+00
 9.5800000000000e-01  1.0815972260767e+00
 9.5900000000000e-01  1.0796560153408e+00
 9.6000000000000e-01  1.0777146778519e+00
 9.6100000000000e-01  1.0757732188113e+00
 9.6200000000000e-01  1.0738316432300e+00
 9.6300000000000e-01  1.0718899559348e+00
 9.6400000000000e-01  1.0699481615742e+00
 9.6500000000000e-01  1.0680062646237e+00
 9.6600000000000e-01  1.0660642693911e+00
 9.6700000000000e-01  1.0641221800226e+00
 9.6800000000000e-01  1.0621800005072e+00
 9.6900000000000e-01  1.0602377346823e+00
 9.7000000000000e-01  1.0582953862382e+00
 9.7100000000000e-01  1.0563529587237e+00
 9.7200000000000e-01  1.0544104555498e+00
 9.7300000000000e-01  1.0524678799952e+00
 9.7400000000000e-01  1.0505252352102e+00
 9.7500000000000e-01  1.0485825242212e+00
 9.7600000000000e-01  1.0466397499351e+00
 9.7700000000000e-01  1.0446969151431e+00
 9.7800000000000e-01  1.0427540225250e+00
 9.7900000000000e-01  1.0408110746529e+00
 9.8000000000000e-01  1.0388680739951e+00
 9.8100000000000e-01  1.0369250229197e+00
 9.8200000000000e-01  1.0349819236981e+00
 9.8300000000000e-01  1.0330387785089e+00
 9.8400000000000e-01  1.0310955894404e+00
 9.8500000000000e-01  1.0291523584948e+00
 9.8600000000000e-01  1.0272090875907e+00
 9.8700000000000e-01  1.0252657785665e+00
 9.8800000000000e-01  1.0233224331835e+00
 9.8900000000000e-01  1.0213790531281e+00
 9.9000000000000e-01  1.0194356400155e+00
 9.9100000000000e-01  1.0174921953918e+00
 9.9200000000000e-01  1.0155487207368e+00
 9.9300000000000e-01  1.0136052174665e+00
 9.9400000000000e-01  1.0116616869357e+00
 9.9500000000000e-01  1.0097181304401e+00
 9.9600000000000e-01  1.0077745492189e+00
 9.9700000000000e-01  1.0058309444568e+00
 9.9800000000000e-01  1.0038873172861e+00
 9.9900000000000e-01  1.0019436687892e+00
 1.0000000000000e+00  1.0000000000000e+00
